350, 1000000000
350.6016427, 1000000000
351.2587269, 1000000000
351.6529774, 1000000000
352.0472279, 1000000000
352.7043121, 1000000000
353.3613963, 1000000000
353.8870637, 1000000000
354.412731, 1000000000
354.8069815, 1000000000
355.4640657, 1000000000
355.9897331, 1000000000
356.3839836, 1000000000
357.0410678, 1000000000
357.698152, 1000000000
358.2238193, 1000000000
359.0123203, 1000000000
359.6694045, 1000000000
360.5893224, 1000000000
361.2464066, 1000000000
361.7720739, 1000000000
362.4291581, 1000000000
362.9548255, 1000000000
363.349076, 1000000000
364.0061602, 1000000000
364.7289528, 1000000000
365.4517454, 1000000000
366.1088296, 1000000000
366.5030801, 1000000000
367.1601643, 1000000000
367.6858316, 1000000000
368.211499, 1000000000
368.8685832, 1000000000
369.3942505, 1000000000
369.9199179, 1000000000
370.4455852, 1000000000
370.8398357, 1000000000
371.2340862, 1000000000
371.7597536, 1000000000
372.2854209, 1000000000
372.8110883, 1000000000
373.3367556, 1000000000
373.9938398, 1000000000
374.5195072, 1000000000
374.9137577, 1000000000
375.3080082, 1000000000
375.9650924, 1000000000
376.4907598, 1000000000
377.0164271, 1000000000
377.6735113, 1000000000
378.3305955, 1000000000
378.9876797, 1000000000
379.6447639, 1000000000
380.3675565, 1000000000
380.9589322, 1000000000
381.6160164, 1000000000
382.1416838, 1000000000
382.798768, 1000000000
383.4558522, 1000000000
384.1129363, 1000000000
384.7700205, 1000000000
385.4271047, 1000000000
386.0841889, 1000000000
386.7412731, 1000000000
387.3983573, 1000000000
387.9240246, 1000000000
388.5811088, 1000000000
389.238193, 1000000000
389.8952772, 1000000000
390.5523614, 1000000000
391.2094456, 1000000000
391.8665298, 1000000000
392.3921971, 1000000000
392.9178645, 1000000000
393.5092402, 1000000000
394.100616, 1000000000
394.7577002, 1000000000
395.349076, 1000000000
395.9404517, 1000000000
396.4661191, 1000000000
396.9917864, 1000000000
397.386037, 1000000000
397.9117043, 1000000000
398.4373717, 1000000000
398.963039, 1000000000
399.4887064, 1000000000
400.0143737, 1000000000
400.5400411, 1000000000
401.0657084, 1000000000
401.5913758, 1000000000
402.24846, 1000000000
402.7741273, 1000000000
403.2997947, 1000000000
403.9568789, 1000000000
404.613963, 1000000000
405.2710472, 1000000000
405.7967146, 1000000000
406.3223819, 1000000000
406.8480493, 1000000000
407.5051335, 1000000000
408.1622177, 1000000000
408.687885, 1000000000
409.3449692, 1000000000
410.0020534, 1000000000
410.6591376, 1000000000
411.3162218, 1000000000
411.8418891, 1000000000
412.3675565, 1000000000
413.0246407, 1000000000
413.6817248, 1000000000
414.2073922, 1000000000
414.8644764, 1000000000
415.3901437, 1000000000
415.9158111, 1000000000
416.3100616, 1000000000
416.9014374, 1000000000
417.4928131, 1000000000
418.0184805, 1000000000
418.5441478, 1000000000
418.9383984, 1000000000
419.4640657, 1000000000
419.8583162, 1000000000
420.5154004, 1000000000
421.0410678, 1000000000
421.5667351, 1000000000
422.0924025, 1000000000
422.486653, 1000000000
423.1437372, 1000000000
423.6694045, 1000000000
424.3264887, 1000000000
424.8521561, 1000000000
425.5749487, 1000000000
426.0349076, 1000000000
426.5605749, 1000000000
427.0862423, 1000000000
427.6119097, 1000000000
428.137577, 1000000000
428.6632444, 1000000000
429.3203285, 1000000000
429.8459959, 1000000000
430.5030801, 1000000000
431.1601643, 1000000000
431.5544148, 1000000000
432.0800821, 1000000000
432.6057495, 1000000000
433.1314168, 1000000000
433.6570842, 1000000000
434.1827515, 1000000000
434.7084189, 1000000000
435.3655031, 1000000000
436.0225873, 1000000000
436.6796715, 1000000000
437.2053388, 1000000000
437.862423, 1000000000
438.5195072, 1000000000
439.1765914, 1000000000
439.8336756, 1000000000
440.4907598, 1000000000
441.1478439, 1000000000
441.8049281, 1000000000
442.5277207, 1000000000
443.2505133, 1000000000
443.9075975, 1000000000
444.5646817, 1000000000
445.2217659, 1000000000
445.8788501, 1000000000
446.5359343, 1000000000
447.1930185, 1000000000
447.8501027, 1000000000
448.5071869, 1000000000
449.0328542, 1000000000
449.5585216, 1000000000
450.2156057, 1000000000
451.0041068, 1000000000
451.5297741, 1000000000
452.1868583, 1000000000
452.8439425, 1000000000
453.5010267, 1000000000
454.1581109, 1000000000
454.6837782, 1000000000
455.2094456, 1000000000
455.7351129, 1000000000
456.2607803, 1000000000
456.7864476, 1000000000
457.1806982, 1000000000
457.5749487, 1000000000
458.100616, 1000000000
458.4948665, 1000000000
458.889117, 1000000000
459.1519507, 1000000000
459.5462012, 1000000000
459.9404517, 1000000000
460.3347023, 1000000000
460.7289528, 1000000000
461.0574949, 1000000000
461.5174538, 1000000000
461.7802875, 1000000000
462.174538, 1000000000
462.5687885, 1000000000
462.8973306, 1000000000
463.0944559, 1000000000
463.3572895, 1000000000
463.75154, 1000000000
464.0143737, 1000000000
464.2772074, 1000000000
464.6714579, 1000000000
464.9342916, 1000000000
465.1971253, 1000000000
465.4599589, 1000000000
465.7227926, 1000000000
465.9856263, 1000000000
466.24846, 1000000000
466.5112936, 1000000000
466.7741273, 1000000000
467.036961, 1000000000
467.2997947, 1000000000
467.5626283, 1000000000
467.825462, 1000000000
468.0882957, 1000000000
468.3511294, 1000000000
468.613963, 1000000000
468.8767967, 1000000000
469.1396304, 1000000000
469.2710472, 1000000000
469.6652977, 1000000000
469.9281314, 1000000000
470.1909651, 1000000000
470.4537988, 1000000000
470.7166324, 1000000000
470.9794661, 1000000000
471.3737166, 1000000000
471.5051335, 1000000000
471.7679671, 1000000000
472.0965092, 1000000000
472.3593429, 1000000000
472.687885, 1000000000
472.9507187, 1000000000
473.0821355, 1000000000
473.3449692, 1000000000
473.6078029, 1000000000
473.8706366, 1000000000
474.1991786, 1000000000
474.4620123, 1000000000
474.724846, 1000000000
474.9219713, 1000000000
475.3162218, 1000000000
475.5790554, 1000000000
475.8418891, 1000000000
476.1704312, 1000000000
476.4989733, 1000000000
476.761807, 1000000000
477.0246407, 1000000000
477.1560575, 1000000000
477.2874743, 1000000000
477.550308, 1000000000
477.8131417, 1000000000
478.2073922, 1000000000
478.4702259, 1000000000
478.8644764, 1000000000
479.1273101, 1000000000
479.3901437, 1000000000
479.4558522, 1000000000
479.6529774, 1000000000
479.9158111, 1000000000
480, 1000000000 
