304.8685832, 0.0006747816197
305.1314168, 0.0007644282981
305.5256674, 0.0008175488072
305.788501, 0.0008912930784
306.1827515, 0.001000070924
306.7084189, 0.001049247211
305.9199179, 0.0009441129532
305.1314168, 0.0007216668489
306.9712526, 0.001090313363
307.4969199, 0.001143927123
308.0225873, 0.001188717656
308.5482546, 0.001223467402
309.073922, 0.001271372339
309.7310062, 0.001308548639
310.3880903, 0.001346812013
311.0451745, 0.00138619425
311.7022587, 0.001426728066
312.4907598, 0.001454437528
313.0164271, 0.001496955055
313.6735113, 0.001511445665
314.3305955, 0.001555641968
314.9876797, 0.001585842658
315.513347, 0.001616616914
316.1704312, 0.001648001351
316.6960986, 0.001688060156
317.3531828, 0.001712596416
318.0102669, 0.001729174447
318.5359343, 0.001745899196
319.1930185, 0.001779793473
319.9815195, 0.001797036137
320.9014374, 0.001797135266
321.5585216, 0.001814531638
322.3470226, 0.001814617433
323.0041068, 0.001814688931
323.7926078, 0.001814774734
324.5811088, 0.001832356296
325.238193, 0.001832428494
325.8952772, 0.001850166506
326.6837782,  0.001868090944
327.2094456, 0.001886159307
327.8665298, 0.001895303724
328.523614, 0.001941389132
329.0492813, 0.001979062988
329.5749487, 0.002017467927
330.100616, 0.002056618139
330.6262834, 0.002096528084
331.2833676, 0.002137229349
331.8090349, 0.002199706908
332.3347023, 0.002242393579
332.9917864, 0.002307963588
333.386037, 0.002352732507
333.9774127, 0.002433163465
334.5687885, 0.002516344052
335.2258727, 0.002614892255
335.8829569, 0.002665656861
336.5400411, 0.002770052638
337.0657084, 0.002823807221
337.5913758, 0.002934373557
338.1170431, 0.003020154008
338.6427105, 0.003138408314
339.2997947, 0.003292758583
339.825462, 0.003356656598
340.613963, 0.003421848522
341.4024641, 0.003422010314
342.1909651, 0.003325078081
342.9794661, 0.003262038246
343.899384, 0.003325418727
344.4250513, 0.003488938874
344.9507187, 0.003625548479
345.476386, 0.003803826846
346.0020534, 0.004029344762
346.2648871, 0.004268165717
346.6591376, 0.004478008085
347.0533881, 0.004698167255
347.4476386, 0.004976668816
347.7104723, 0.005221303263
347.973306, 0.005373852764
348.3675565, 0.005638055718
348.6303901, 0.005972225645
349.0246407, 0.006265847322
349.4188912, 0.006448965822
349.9445585, 0.006637488239
350.6016427, 0.006637749767
351.2587269, 0.006574630059
351.6529774, 0.006388245357
352.0472279, 0.006089175924
352.7043121, 0.00597368475
353.3613963, 0.005916879772
353.8870637, 0.005860568781
354.412731, 0.005974296739
354.8069815, 0.005974437976
355.4640657, 0.006032270876
355.9897331, 0.006090615606
356.3839836, 0.006149476194
357.0410678, 0.006149718493
357.698152, 0.006149960802
358.2238193, 0.00597566217
359.0123203, 0.005806394919
359.6694045, 0.005696267149
360.5893224, 0.00548210865
361.2464066, 0.005275918565
361.7720739, 0.00517581136
362.4291581, 0.004981141561
362.9548255, 0.004886627562
363.349076, 0.004748096175
364.0061602, 0.004613564735
364.7289528, 0.00448286274
365.4517454, 0.004355863524
366.1088296, 0.004232445512
366.5030801, 0.004112459583
367.1601643, 0.00399593812
367.6858316, 0.003882687553
368.211499, 0.003736624578
368.8685832, 0.003630751937
369.3942505, 0.003561860724
369.9199179, 0.003460912527
370.4455852, 0.003330716323
370.8398357, 0.003205392716
371.2340862, 0.003099618036
371.7597536, 0.002997357432
372.2854209, 0.002884599725
372.8110883, 0.002802846069
373.3367556, 0.002723409426
373.9938398, 0.002620978034
374.5195072, 0.002522379359
374.9137577, 0.002450872229
375.3080082, 0.002358654184
375.9650924, 0.002291824631
376.4907598, 0.002226871063
377.0164271, 0.002143098313
377.6735113, 0.002062493266
378.3305955, 0.001994464532
378.9876797, 0.001910264167
379.6447639, 0.001838416351
380.3675565, 0.001777785515
380.9589322, 0.001719140733
381.6160164, 0.001654481348
382.1416838, 0.001615321219
382.798768, 0.001577100404
383.4558522, 0.001532415212
384.1129363, 0.001503350453
384.7700205, 0.001460754875
385.4271047, 0.001433049271
386.0841889, 0.001405869149
386.7412731, 0.001379204543
387.3983573, 0.001353045674
387.9240246, 0.001321020265
388.5811088, 0.001283590787
389.238193, 0.00125321919
389.8952772, 0.001217710772
390.5523614, 0.001183208441
391.2094456, 0.001144181806
391.8665298, 0.001111762828
392.3921971, 0.001069939379
392.9178645, 0.001039615776
393.5092402, 0.001005321402
394.100616, 0.0009768330129
394.7577002, 0.0009400929016
395.349076, 0.0009047310746
395.9404517, 0.0008790931735
396.4661191, 0.0008541784233
396.9917864, 0.0008379709299
397.386037, 0.0008181304426
397.9117043, 0.0007911392094
398.4373717, 0.0007761278451
398.963039, 0.000761401312
399.4887064, 0.0007469542054
400.0143737, 0.0007327812236
400.5400411, 0.000712013162
401.0657084, 0.0006985031642
401.5913758, 0.0006852495101
402.24846, 0.0006722526331
402.7741273, 0.0006626683083
403.2997947, 0.0006532206275
403.9568789, 0.0006470090202
404.613963, 0.0006408564804
405.2710472, 0.0006347624463
405.7967146, 0.0006347824547
406.3223819, 0.0006348024638
406.8480493, 0.0006348224735
407.5051335, 0.0006348474866
408.1622177, 0.0006348725006
408.687885, 0.0006318541933
409.3449692, 0.000628855191
410.0020534, 0.0006288799689
410.6591376, 0.0006228998219
411.3162218, 0.0006169765413
411.8418891, 0.0006111047708
412.3675565, 0.0005995094457
413.0246407, 0.0005881387692
413.6817248, 0.0005797582267
414.2073922, 0.0005660358556
414.8644764, 0.0005553000604
415.3901437, 0.0005447635943
415.9158111, 0.0005344270509
416.3100616, 0.0005242825055
416.9014374, 0.0005143366043
417.4928131, 0.0005045793818
418.0184805, 0.0004902788848
418.5441478, 0.0004809761542
418.9383984, 0.0004718462188
419.4640657, 0.0004606780308
419.8583162, 0.0004541065526
420.5154004, 0.0004454936796
421.0410678, 0.0004370407198
421.5667351, 0.0004287481496
422.0924025, 0.0004206129257
422.486653, 0.0004126288108
423.1437372, 0.000404802631
423.6694045, 0.0003990313484
424.3264887, 0.0003933454468
424.8521561, 0.0003896019751
425.5749487, 0.0003858986915
426.0349076, 0.0003822245846
426.5605749, 0.0003859214993
427.0862423, 0.0003822486814
427.6119097, 0.0003822607303
428.137577, 0.0003859579945
428.6632444, 0.0003934477478
429.3203285, 0.000401086005
429.8459959, 0.0004088693268
430.5030801, 0.0004168069731
431.1601643, 0.0004248987182
431.5544148, 0.0004331407271
432.0800821, 0.0004458027164
432.6057495, 0.0004544537936
433.1314168, 0.0004677388271
433.6570842, 0.0004814122217
434.1827515, 0.0004907543232
434.7084189, 0.0005026833378
435.3655031, 0.0005149063744
436.0225873, 0.000524902587
436.6796715, 0.0005350928626
437.2053388, 0.0005402683346
437.862423, 0.000542887646
438.5195072, 0.0005455196563
439.1765914, 0.0005455411507
439.8336756, 0.0005403534894
440.4907598, 0.0005352151586
441.1478439, 0.0005275887384
441.8049281, 0.0005225717902
442.5277207, 0.0005151275583
443.2505133, 0.0005053593133
443.9075975, 0.0005005537493
444.5646817, 0.0004887099301
445.2217659, 0.0004794407475
445.8788501, 0.0004726090714
446.5359343, 0.0004636452679
447.1930185, 0.0004592363711
447.8501027, 0.0004548693995
448.5071869, 0.0004462420578
449.0328542, 0.0004419951687
449.5585216, 0.0004356936311
450.2156057, 0.000429485319
451.0041068, 0.000429505626
451.5297741, 0.0004295191645
452.1868583, 0.0004336769345
452.8439425, 0.000437874952
453.5010267, 0.0004463757034
454.1581109, 0.0004550414855
454.6837782, 0.000468343699
455.2094456, 0.0004866817238
455.7351129, 0.0005033175341
456.2607803, 0.0005205219916
456.7864476, 0.0005409030605
457.1806982, 0.000562077722
457.5749487, 0.0005868899049
458.100616, 0.0006187098002
458.4948665, 0.0006491283778
458.889117, 0.0006810424704
459.1519507, 0.0007214081434
459.5462012, 0.0007568758368
459.9404517, 0.000801742503
460.3347023, 0.0008411597977
460.7289528, 0.0008910227131
461.0574949, 0.0009529365776
461.5174538, 0.001019160638
461.7802875, 0.001079566717
462.174538, 0.001154586354
462.5687885, 0.001223028809
462.8973306, 0.001314302225
463.0944559, 0.001385533539
463.3572895, 0.001467654693
463.75154,0. 001569642761
464.0143737, 0.001662676145
464.2772074, 0.001778202339
464.6714579, 0.00190177052
464.9342916, 0.002014489256
465.1971253, 0.002133888879
465.4599589, 0.002282155913
465.7227926, 0.002440724849
465.9856263, 0.002585387635
466.24846,0. 002712475632
466.5112936, 0.002873245201
466.7741273, 0.003072884248
467.036961, 0.003286394632
467.2997947, 0.00348118062
467.5626283, 0.003723060284
467.825462, 0.003943727629
468.0882957, 0.00417747402
468.3511294, 0.004425074658
468.613963, 0.004732538041
468.8767967, 0.00506136462
469.1396304, 0.005310162395
469.2710472, 0.005624853623
469.6652977, 0.006015727547
469.9281314, 0.006433712799
470.1909651, 0.006815041656
470.4537988, 0.007218972033
470.7166324, 0.007720561213
470.9794661, 0.008336601623
471.3737166, 0.008830785087
471.5051335, 0.009399095692
471.7679671, 0.009908538073
472.0965092, 0.01064800235
472.3593429, 0.01122513698
472.687885, 0.01189050241
472.9507187, 0.01259525748
473.0821355, 0.01340583302
473.3449692, 0.01426868609
473.6078029, 0.0151143971
473.8706366, 0.01616457682
474.1991786, 0.01704078362
474.4620123, 0.01822481268
474.724846, 0.01939783457
474.9219713, 0.0205474714
475.3162218, 0.02166133996
475.5790554, 0.02305555049
475.8418891, 0.02442206264
476.1704312, 0.02586967047
476.4989733, 0.02766725795
476.761807, 0.02875011793
477.0246407, 0.03074773587
477.1560575, 0.03225892548
477.2874743, 0.03417065626
477.550308, 0.03550805067
477.8131417, 0.03725349378
478.2073922, 0.03908504436
478.4702259, 0.04100631912
478.8644764, 0.04302237559
479.1273101, 0.04557232984
479.3901437, 0.04735597072
479.4558522, 0.04968322605
479.6529774, 0.05212526245
479.9158111, 0.05468754561
480.1273101, 1.000952937
480.3901437, 1.001019161
480.4558522, 1.001079567
480.6529774, 1.001154586
480.9158111, 1.001223029
481.1273101, 1.001314302
481.3901437, 1.001385534
481.4558522, 1.001467655
481.6529774, 1.001569643
481.9158111, 1.001662676
482.1273101, 1.001778202
482.3901437, 1.001901771
482.4558522, 1.002014489
482.6529774, 1.002133889
482.9158111, 1.002282156
483.1273101, 1.002440725
483.3901437, 1.002585388
483.4558522, 1.002712476
483.6529774, 1.002873245
483.9158111, 1.003072884
484.1273101, 1.003286395
484.3901437, 1.003481181
484.4558522, 1.00372306
484.6529774, 1.003943728
484.9158111, 1.004177474
485.1273101, 1.004425075
485.3901437, 1.004732538
485.4558522, 1.005061365
485.6529774, 1.005310162
485.9158111, 1.005624854
486.1273101, 1.006015728
486.3901437, 1.006433713
486.4558522, 1.006815042
486.6529774, 1.007218972
486.9158111, 1.007720561
487.1273101, 1.008336602
487.3901437, 1.008830785
487.4558522, 1.009399096
487.6529774, 1.009908538
487.9158111, 1.010648002
488.1273101, 1.011225137
488.3901437, 1.011890502
488.4558522, 1.012595257
488.6529774, 1.013405833
488.9158111, 1.014268686
489.1273101, 1.015114397
489.3901437, 1.016164577
489.4558522, 1.017040784
489.6529774, 1.018224813
489.9158111, 1.019397835
490.1273101, 1.020547471
490.3901437, 1.02166134
490.4558522, 1.02305555
490.6529774, 1.024422063
490.9158111, 1.02586967
491.1273101, 1.027667258
491.3901437, 1.028750118
491.4558522, 1.030747736
491.6529774, 1.032258925
491.9158111, 1.034170656
492.1273101, 1.035508051
492.3901437, 1.037253494
492.4558522, 1.039085044
492.6529774, 1.041006319
492.9158111, 1.043022376
493.1273101, 1.04557233
493.3901437, 1.047355971
493.4558522, 1.049683226
493.6529774, 1.052125262
493.9158111, 1.054687546
494.1273101, 2.000952937
494.3901437, 2.001019161
494.4558522, 2.001079567
494.6529774, 2.001154586
494.9158111, 2.001223029
495.1273101, 2.001314302
495.3901437, 2.001385534
495.4558522, 2.001467655
495.6529774, 2.001569643
495.9158111, 2.001662676
496.1273101, 2.001778202
496.3901437, 2.001901771
496.4558522, 2.002014489
496.6529774, 2.002133889
496.9158111, 2.002282156
497.1273101, 2.002440725
497.3901437, 2.002585388
497.4558522, 2.002712476
497.6529774, 2.002873245
497.9158111, 2.003072884
498.1273101, 2.003286395
498.3901437, 2.003481181
498.4558522, 2.00372306
498.6529774, 2.003943728
498.9158111, 2.004177474
499.1273101, 2.004425075
499.3901437, 2.004732538
499.4558522, 2.005061365
499.6529774, 2.005310162
499.9158111, 2.005624854
500.1273101, 2.006015728
500.3901437, 2.006433713
500.4558522, 2.006815042
500.6529774, 2.007218972
500.9158111, 2.007720561
501.1273101, 2.008336602
501.3901437, 2.008830785
501.4558522, 2.009399096
501.6529774, 2.009908538
501.9158111, 2.010648002
502.1273101, 2.011225137
502.3901437, 2.011890502
502.4558522, 2.012595257
502.6529774, 2.013405833
502.9158111, 2.014268686
503.1273101, 2.015114397
503.3901437, 2.016164577
503.4558522, 2.017040784
503.6529774, 2.018224813
503.9158111, 2.019397835
504.1273101, 2.020547471
504.3901437, 2.02166134
504.4558522, 2.02305555
504.6529774, 2.024422063
504.9158111, 2.02586967
505.1273101, 2.027667258
505.3901437, 2.028750118
505.4558522, 2.030747736
505.6529774, 2.032258925
505.9158111, 2.034170656
506.1273101, 2.035508051
506.3901437, 2.037253494
506.4558522, 2.039085044
506.6529774, 2.041006319
506.9158111, 2.043022376
507.1273101, 2.04557233
507.3901437, 2.047355971
507.4558522, 2.049683226
507.6529774, 2.052125262
507.9158111, 2.054687546
508.1273101, 3.000952937
508.3901437, 3.001019161
508.4558522, 3.001079567
508.6529774, 3.001154586
508.9158111, 3.001223029
509.1273101, 3.001314302
509.3901437, 3.001385534
509.4558522, 3.001467655
509.6529774, 3.001569643
509.9158111, 3.001662676
510.1273101, 3.001778202
510.3901437, 3.001901771
510.4558522, 3.002014489
510.6529774, 3.002133889
510.9158111, 3.002282156
511.1273101, 3.002440725
511.3901437, 3.002585388
511.4558522, 3.002712476
511.6529774, 3.002873245
511.9158111, 3.003072884
512.1273101, 3.003286395
512.3901437, 3.003481181
512.4558522, 3.00372306
512.6529774, 3.003943728
512.9158111, 3.004177474
513.1273101, 3.004425075
513.3901437, 3.004732538
513.4558522, 3.005061365
513.6529774, 3.005310162
513.9158111, 3.005624854
514.1273101, 3.006015728
514.3901437, 3.006433713
514.4558522, 3.006815042
514.6529774, 3.007218972
514.9158111, 3.007720561
515.1273101, 3.008336602
515.3901437, 3.008830785
515.4558522, 3.009399096
515.6529774, 3.009908538
515.9158111, 3.010648002
516.1273101, 3.011225137
516.3901437, 3.011890502
516.4558522, 3.012595257
516.6529774, 3.013405833
516.9158111, 3.014268686
517.1273101, 3.015114397
517.3901437, 3.016164577
517.4558522, 3.017040784
517.6529774, 3.018224813
517.9158111, 3.019397835
518.1273101, 3.020547471
518.3901437, 3.02166134
518.4558522, 3.02305555
518.6529774, 3.024422063
518.9158111, 3.02586967
519.1273101, 3.027667258
519.3901437, 3.028750118
519.4558522, 3.030747736
519.6529774, 3.032258925
519.9158111, 3.034170656
520.1273101, 3.035508051
520.3901437, 3.037253494
520.4558522, 3.039085044
520.6529774, 3.041006319
520.9158111, 3.043022376
521.1273101, 3.04557233
521.3901437, 3.047355971
521.4558522, 3.049683226
521.6529774, 3.052125262
521.9158111, 3.054687546
522.1273101, 4.000952937
522.3901437, 4.001019161
522.4558522, 4.001079567
522.6529774, 4.001154586
522.9158111, 4.001223029
523.1273101, 4.001314302
523.3901437, 4.001385534
523.4558522, 4.001467655
523.6529774, 4.001569643
523.9158111, 4.001662676
524.1273101, 4.001778202
524.3901437, 4.001901771
524.4558522, 4.002014489
524.6529774, 4.002133889
524.9158111, 4.002282156
525.1273101, 4.002440725
525.3901437, 4.002585388
525.4558522, 4.002712476
525.6529774, 4.002873245
525.9158111, 4.003072884
526.1273101, 4.003286395
526.3901437, 4.003481181
526.4558522, 4.00372306
526.6529774, 4.003943728
526.9158111, 4.004177474
527.1273101, 4.004425075
527.3901437, 4.004732538
527.4558522, 4.005061365
527.6529774, 4.005310162
527.9158111, 4.005624854
528.1273101, 4.006015728
528.3901437, 4.006433713
528.4558522, 4.006815042
528.6529774, 4.007218972
528.9158111, 4.007720561
529.1273101, 4.008336602
529.3901437, 4.008830785
529.4558522, 4.009399096
529.6529774, 4.009908538
529.9158111, 4.010648002
530.1273101, 4.011225137
530.3901437, 4.011890502
530.4558522, 4.012595257
530.6529774, 4.013405833
530.9158111, 4.014268686
531.1273101, 4.015114397
531.3901437, 4.016164577
531.4558522, 4.017040784
531.6529774, 4.018224813
531.9158111, 4.019397835
532.1273101, 4.020547471
532.3901437, 4.02166134
532.4558522, 4.02305555
532.6529774, 4.024422063
532.9158111, 4.02586967
533.1273101, 4.027667258
533.3901437, 4.028750118
533.4558522, 4.030747736
533.6529774, 4.032258925
533.9158111, 4.034170656
534.1273101, 4.035508051
534.3901437, 4.037253494
534.4558522, 4.039085044
534.6529774, 4.041006319
534.9158111, 4.043022376
535.1273101, 4.04557233
535.3901437, 4.047355971
535.4558522, 4.049683226
535.6529774, 4.052125262
535.9158111, 4.054687546
536.1273101, 5.000952937
536.3901437, 5.001019161
536.4558522, 5.001079567
536.6529774, 5.001154586
536.9158111, 5.001223029
537.1273101, 5.001314302
537.3901437, 5.001385534
537.4558522, 5.001467655
537.6529774, 5.001569643
537.9158111, 5.001662676
538.1273101, 5.001778202
538.3901437, 5.001901771
538.4558522, 5.002014489
538.6529774, 5.002133889
538.9158111, 5.002282156
539.1273101, 5.002440725
539.3901437, 5.002585388
539.4558522, 5.002712476
539.6529774, 5.002873245
539.9158111, 5.003072884
540.1273101, 5.003286395
540.3901437, 5.003481181
540.4558522, 5.00372306
540.6529774, 5.003943728
540.9158111, 5.004177474
541.1273101, 5.004425075
541.3901437, 5.004732538
541.4558522, 5.005061365
541.6529774, 5.005310162
541.9158111, 5.005624854
542.1273101, 5.006015728
542.3901437, 5.006433713
542.4558522, 5.006815042
542.6529774, 5.007218972
542.9158111, 5.007720561
543.1273101, 5.008336602
543.3901437, 5.008830785
543.4558522, 5.009399096
543.6529774, 5.009908538
543.9158111, 5.010648002
544.1273101, 5.011225137
544.3901437, 5.011890502
544.4558522, 5.012595257
544.6529774, 5.013405833
544.9158111, 5.014268686
545.1273101, 5.015114397
545.3901437, 5.016164577
545.4558522, 5.017040784
545.6529774, 5.018224813
545.9158111, 5.019397835
546.1273101, 5.020547471
546.3901437, 5.02166134
546.4558522, 5.02305555
546.6529774, 5.024422063
546.9158111, 5.02586967
547.1273101, 5.027667258
547.3901437, 5.028750118
547.4558522, 5.030747736
547.6529774, 5.032258925
547.9158111, 5.034170656
548.1273101, 5.035508051
548.3901437, 5.037253494
548.4558522, 5.039085044
548.6529774, 5.041006319
548.9158111, 5.043022376
549.1273101, 5.04557233
549.3901437, 5.047355971
549.4558522, 5.049683226
549.6529774, 5.052125262
549.9158111, 5.054687546
550.1273101, 6.000952937
550.3901437, 6.001019161
550.4558522, 6.001079567
550.6529774, 6.001154586
550.9158111, 6.001223029
551.1273101, 6.001314302
551.3901437, 6.001385534
551.4558522, 6.001467655
551.6529774, 6.001569643
551.9158111, 6.001662676
552.1273101, 6.001778202
552.3901437, 6.001901771
552.4558522, 6.002014489
552.6529774, 6.002133889
552.9158111, 6.002282156
553.1273101, 6.002440725
553.3901437, 6.002585388
553.4558522, 6.002712476
553.6529774, 6.002873245
553.9158111, 6.003072884
554.1273101, 6.003286395
554.3901437, 6.003481181
554.4558522, 6.00372306
554.6529774, 6.003943728
554.9158111, 6.004177474
555.1273101, 6.004425075
555.3901437, 6.004732538
555.4558522, 6.005061365
555.6529774, 6.005310162
555.9158111, 6.005624854
556.1273101, 6.006015728
556.3901437, 6.006433713
556.4558522, 6.006815042
556.6529774, 6.007218972
556.9158111, 6.007720561
557.1273101, 6.008336602
557.3901437, 6.008830785
557.4558522, 6.009399096
557.6529774, 6.009908538
557.9158111, 6.010648002
558.1273101, 6.011225137
558.3901437, 6.011890502
558.4558522, 6.012595257
558.6529774, 6.013405833
558.9158111, 6.014268686
559.1273101, 6.015114397
559.3901437, 6.016164577
559.4558522, 6.017040784
559.6529774, 6.018224813
559.9158111, 6.019397835
560.1273101, 6.020547471
560.3901437, 6.02166134
560.4558522, 6.02305555
560.6529774, 6.024422063
560.9158111, 6.02586967
561.1273101, 6.027667258
561.3901437, 6.028750118
561.4558522, 6.030747736
561.6529774, 6.032258925
561.9158111, 6.034170656
562.1273101, 6.035508051
562.3901437, 6.037253494
562.4558522, 6.039085044
562.6529774, 6.041006319
562.9158111, 6.043022376
563.1273101, 6.04557233
563.3901437, 6.047355971
563.4558522, 6.049683226
563.6529774, 6.052125262
563.9158111, 6.054687546
564.1273101, 7.000952937
564.3901437, 7.001019161
564.4558522, 7.001079567
564.6529774, 7.001154586
564.9158111, 7.001223029
565.1273101, 7.001314302
565.3901437, 7.001385534
565.4558522, 7.001467655
565.6529774, 7.001569643
565.9158111, 7.001662676
566.1273101, 7.001778202
566.3901437, 7.001901771
566.4558522, 7.002014489
566.6529774, 7.002133889
566.9158111, 7.002282156
567.1273101, 7.002440725
567.3901437, 7.002585388
567.4558522, 7.002712476
567.6529774, 7.002873245
567.9158111, 7.003072884
568.1273101, 7.003286395
568.3901437, 7.003481181
568.4558522, 7.00372306
568.6529774, 7.003943728
568.9158111, 7.004177474
569.1273101, 7.004425075
569.3901437, 7.004732538
569.4558522, 7.005061365
569.6529774, 7.005310162
569.9158111, 7.005624854
570.1273101, 7.006015728
570.3901437, 7.006433713
570.4558522, 7.006815042
570.6529774, 7.007218972
570.9158111, 7.007720561
571.1273101, 7.008336602
571.3901437, 7.008830785
571.4558522, 7.009399096
571.6529774, 7.009908538
571.9158111, 7.010648002
572.1273101, 7.011225137
572.3901437, 7.011890502
572.4558522, 7.012595257
572.6529774, 7.013405833
572.9158111, 7.014268686
573.1273101, 7.015114397
573.3901437, 7.016164577
573.4558522, 7.017040784
573.6529774, 7.018224813
573.9158111, 7.019397835
574.1273101, 7.020547471
574.3901437, 7.02166134
574.4558522, 7.02305555
574.6529774, 7.024422063
574.9158111, 7.02586967
575.1273101, 7.027667258
575.3901437, 7.028750118
575.4558522, 7.030747736
575.6529774, 7.032258925
575.9158111, 7.034170656
576.1273101, 7.035508051
576.3901437, 7.037253494
576.4558522, 7.039085044
576.6529774, 7.041006319
576.9158111, 7.043022376
577.1273101, 7.04557233
577.3901437, 7.047355971
577.4558522, 7.049683226
577.6529774, 7.052125262
577.9158111, 7.054687546
578.1273101, 8.000952937
578.3901437, 8.001019161
578.4558522, 8.001079567
578.6529774, 8.001154586
578.9158111, 8.001223029
579.1273101, 8.001314302
579.3901437, 8.001385534
579.4558522, 8.001467655
579.6529774, 8.001569643
579.9158111, 8.001662676
580.1273101, 8.001778202
580.3901437, 8.001901771
580.4558522, 8.002014489
580.6529774, 8.002133889
580.9158111, 8.002282156
581.1273101, 8.002440725
581.3901437, 8.002585388
581.4558522, 8.002712476
581.6529774, 8.002873245
581.9158111, 8.003072884
582.1273101, 8.003286395
582.3901437, 8.003481181
582.4558522, 8.00372306
582.6529774, 8.003943728
582.9158111, 8.004177474
583.1273101, 8.004425075
583.3901437, 8.004732538
583.4558522, 8.005061365
583.6529774, 8.005310162
583.9158111, 8.005624854
584.1273101, 8.006015728
584.3901437, 8.006433713
584.4558522, 8.006815042
584.6529774, 8.007218972
584.9158111, 8.007720561
585.1273101, 8.008336602
585.3901437, 8.008830785
585.4558522, 8.009399096
585.6529774, 8.009908538
585.9158111, 8.010648002
586.1273101, 8.011225137
586.3901437, 8.011890502
586.4558522, 8.012595257
586.6529774, 8.013405833
586.9158111, 8.014268686
587.1273101, 8.015114397
587.3901437, 8.016164577
587.4558522, 8.017040784
587.6529774, 8.018224813
587.9158111, 8.019397835
588.1273101, 8.020547471
588.3901437, 8.02166134
588.4558522, 8.02305555
588.6529774, 8.024422063
588.9158111, 8.02586967
589.1273101, 8.027667258
589.3901437, 8.028750118
589.4558522, 8.030747736
589.6529774, 8.032258925
589.9158111, 8.034170656
590.1273101, 8.035508051
590.3901437, 8.037253494
590.4558522, 8.039085044
590.6529774, 8.041006319
590.9158111, 8.043022376
591.1273101, 8.04557233
591.3901437, 8.047355971
591.4558522, 8.049683226
591.6529774, 8.052125262
591.9158111, 8.054687546
592.1273101, 9.000952937
592.3901437, 9.001019161
592.4558522, 9.001079567
592.6529774, 9.001154586
592.9158111, 9.001223029
593.1273101, 9.001314302
593.3901437, 9.001385534
593.4558522, 9.001467655
593.6529774, 9.001569643
593.9158111, 9.001662676
594.1273101, 9.001778202
594.3901437, 9.001901771
594.4558522, 9.002014489
594.6529774, 9.002133889
594.9158111, 9.002282156
595.1273101, 9.002440725
595.3901437, 9.002585388
595.4558522, 9.002712476
595.6529774, 9.002873245
595.9158111, 9.003072884
596.1273101, 9.003286395
596.3901437, 9.003481181
596.4558522, 9.00372306
596.6529774, 9.003943728
596.9158111, 9.004177474
597.1273101, 9.004425075
597.3901437, 9.004732538
597.4558522, 9.005061365
597.6529774, 9.005310162
597.9158111, 9.005624854
598.1273101, 9.006015728
598.3901437, 9.006433713
598.4558522, 9.006815042
598.6529774, 9.007218972
598.9158111, 9.007720561
599.1273101, 9.008336602
599.3901437, 9.008830785
599.4558522, 9.009399096
599.6529774, 9.009908538
599.9158111, 9.010648002
600.1273101, 9.011225137
